5.495215603440120321e+04 7.077901522753612088e-08 4.722386575665574925e-08
5.495915603445780289e+04 9.801192725087218444e-08 3.339561244405330902e-08
5.496615603451439529e+04 6.124789204386731909e-08 3.688733791094335950e-08
5.497315603457098769e+04 5.496497346526665233e-08 2.278787754321508591e-08
5.498015603462759464e+04 6.270555693116262520e-08 2.752867214808978363e-08
5.500115603479738638e+04 2.054731019227038520e-07 5.778545103706295144e-08
5.500815603485397878e+04 3.078011608994876488e-07 6.911803106922295090e-08
5.501515603491057118e+04 3.153633083478132963e-07 6.284728737036081751e-08
5.502215603496717085e+04 4.755221558028932608e-07 5.889600148083976294e-08
5.502915603502377053e+04 3.787907940762658812e-07 5.372664546862544941e-08
5.503615603508036293e+04 6.558289302183053515e-08 2.598554152665834996e-08
5.504315603513696260e+04 4.259325755755224652e-08 1.866492039266018801e-08
5.505015603519356227e+04 1.198761684167446651e-07 5.392320329395852374e-08
5.505715603525015467e+04 1.591527549369375108e-08 6.851472454485664467e-09
5.507115603536335402e+04 1.640372464878657460e-07 5.330161513680461173e-08
5.507815603541994642e+04 1.284312600175973846e-07 4.575794755686183129e-08
5.508515603547653882e+04 1.870118951959064092e-07 3.983975411234875513e-08
5.509215603553314577e+04 8.798517221953286632e-08 4.682352926282135501e-08
5.509915603558973817e+04 2.726243282867300678e-07 6.208750716000687112e-08
5.511315603570293752e+04 8.825430857966933631e-08 4.912711045513862472e-08
5.512015603575952991e+04 1.408398412977733885e-07 4.867853478946749531e-08
5.512715603581612231e+04 1.328574279265147837e-07 4.204237446120498654e-08
5.513415603587272199e+04 1.465963736804271262e-07 3.772825201105772364e-08
5.514115603592932166e+04 7.813613915832502315e-08 3.632858094946660600e-08
5.514815603598591406e+04 1.328275558393853817e-07 4.201821769058545811e-08
5.515515603604251373e+04 2.459777439606610422e-07 5.910904574724520132e-08
5.516915603615570581e+04 2.971777722868857275e-08 1.766561853826545453e-08
5.517615603621230548e+04 1.510949908079992942e-07 5.634168080712496324e-08
5.518315603626890515e+04 1.762381659056889292e-07 4.544988527282248947e-08
5.519015603632549755e+04 2.502671474408909764e-07 4.682010056743247058e-08
5.519715603638208995e+04 2.832280990734800703e-07 5.784922136011115899e-08
5.520415603643869690e+04 1.702347961682062278e-07 5.566555276150183641e-08
5.521115603649528930e+04 2.525136924313434037e-07 7.437234878217107269e-08
5.521815603655188170e+04 4.442049213075523998e-07 8.673071518403157548e-08
5.522515603660848865e+04 1.287573364711419804e-07 6.534081649585038425e-08
5.523215603666508105e+04 2.724381559543621866e-07 5.700103463081326839e-08
5.523915603672167344e+04 3.445143051909160962e-07 5.172793748965045180e-08
5.524615603677827312e+04 1.167788747200110221e-07 2.997636663297880192e-08
5.525315603683487279e+04 2.094459563989294439e-07 4.862723413984503148e-08
5.526015603689146519e+04 2.047642981830077834e-07 5.551454538526980768e-08
5.526715603694806487e+04 1.037672027038271352e-07 5.073661456545478616e-08
5.527415603700466454e+04 3.013744334747616939e-07 8.010146924942682861e-08
5.528115603706125694e+04 3.170563279496196208e-07 6.575756046555684066e-08
5.528815603711785661e+04 1.755270063277003210e-07 4.931309676156560607e-08
5.529515603717445629e+04 1.797601246689654619e-07 4.674876023025903137e-08
5.530215603723104869e+04 2.051781188565541176e-07 4.314378004492945491e-08
5.530915603728764108e+04 3.263200315636078150e-07 5.622119321526948248e-08
5.531615603734424803e+04 3.710499636731321089e-07 6.430358026338113930e-08
5.532315603740084043e+04 9.753648605774524505e-07 9.844529020809357412e-08
5.533015603745743283e+04 1.293909611865605245e-06 1.083144624693495270e-07
5.533715603751403250e+04 6.576565383777703043e-07 6.946564227076389508e-08
5.534415603757063218e+04 4.629098043097164699e-07 5.664527629173104176e-08
5.535115603762722458e+04 2.991594555916623290e-07 4.881149562144300165e-08
5.535815603768382425e+04 2.296621595778305272e-07 4.649944016340385189e-08
5.536515603774042393e+04 8.880363973885207608e-08 5.837535131911495224e-08
5.537215603779701632e+04 2.440727459208010923e-07 6.065496259376368104e-08
5.537915603785361600e+04 3.695065988901698724e-07 8.205348066809048182e-08
5.538615603791021567e+04 1.948684025569862848e-07 6.552190444150638655e-08
5.539315603796680807e+04 3.470404256245303845e-07 6.357818082197267655e-08
5.540015603802340775e+04 3.184909444273927859e-07 5.224380614703069101e-08
5.540715603808000742e+04 3.012506394002254129e-07 4.730873973263205850e-08
5.541415603813659982e+04 2.649462695593689831e-07 4.850300508924721543e-08
5.542115603819319222e+04 1.912857358202364260e-07 5.221830412783444642e-08
5.542815603824979917e+04 1.646805041736695919e-07 6.710833045695426432e-08
5.543515603830639157e+04 2.360174886111068604e-07 7.448410621559844051e-08
5.544215603836298396e+04 2.200788496547359307e-07 6.593541745011565576e-08
5.544915603841958364e+04 1.503162229318273696e-07 3.955462318900674798e-08
5.545615603847618331e+04 1.847911808790012888e-07 4.119017880975775106e-08
5.546315603853277571e+04 1.097661736520337442e-07 5.850361932136486262e-08
5.547015603858937538e+04 3.146356647560710431e-07 6.017763129028287231e-08
5.547715603864597506e+04 2.875338308349959253e-07 8.201456475469271432e-08
5.548415603870256746e+04 3.026416857582762160e-08 2.792074331451856318e-08
5.549115603875916713e+04 3.421422066027259080e-07 8.119835848457740974e-08
5.549815603881576681e+04 2.050384196928206174e-07 5.893899506699986040e-08
5.550515603887235920e+04 1.968045346406264480e-07 4.377627665784011451e-08
5.551215603892895888e+04 1.598204020328482952e-07 4.810888440461104263e-08
5.551915603898555855e+04 2.344580827917089908e-07 6.171447761477384210e-08
5.552615603904215095e+04 1.508971649878068226e-07 5.501134290579444702e-08
5.553315603909874335e+04 3.139155981494866121e-07 9.027089287243572355e-08
5.554015603915535030e+04 1.242946676606368079e-07 7.640799116101059916e-08
5.554715603921194270e+04 2.413669979485577429e-07 6.632940790491250048e-08
5.555415603926853510e+04 2.294981619527186077e-07 6.286064332083498224e-08
5.556115603932513477e+04 1.473014343293279081e-07 3.633897180803100355e-08
5.556815603938173444e+04 2.757739636273499394e-07 4.439217221525390867e-08
5.557515603943832684e+04 1.527442057963160921e-07 5.340137718477503673e-08
5.558215603949492652e+04 6.289342001108144847e-08 2.823241853966223869e-08
5.558915603955152619e+04 3.367858173752563548e-07 8.461380852945403484e-08
5.559615603960811859e+04 2.157397168780942810e-07 8.168752062358450681e-08
5.560315603966471826e+04 1.192525437112971606e-07 4.422942985598944018e-08
5.561015603972131794e+04 1.568114193564769905e-07 4.015650738569795324e-08
5.561715603977791034e+04 2.285714903142173470e-07 4.685045519324851758e-08
5.562415603983451001e+04 4.562808113289489613e-08 2.133999548512093130e-08
5.563115603989110969e+04 5.473101126481388162e-08 3.508981713428571473e-08
5.563815603994770208e+04 9.780775106658283281e-08 7.052657977203649290e-08
5.565215604006090143e+04 3.357143452972839660e-07 7.713770114933250375e-08
5.565915604011749383e+04 2.584260214332670777e-07 5.689133044633773391e-08
5.566615604017408623e+04 2.861538242436766148e-07 1.053212029853015456e-07
5.567315604023068590e+04 4.106256383000663689e-07 5.500056327927707298e-08
5.568015604028728558e+04 2.475935789514495222e-07 5.120245422732071687e-08
5.568715604034387798e+04 3.650960357728257906e-07 6.433826380030123090e-08
5.569415604040047765e+04 5.776388750857901157e-07 9.225880291822180704e-08
5.570115604045707732e+04 1.606733431485676192e-07 7.282344420054379746e-08
5.570815604051366972e+04 1.430667526093840038e-07 5.014223191960180427e-08
5.571515604057026940e+04 3.026510005204386964e-07 5.482039749659166170e-08
5.572215604062686907e+04 2.765162206050249834e-07 4.616904081122194359e-08
5.572915604068346147e+04 1.397763793906267853e-07 4.212973479428775098e-08
5.573615604074005387e+04 2.772358216820661812e-07 5.013219910726210062e-08
5.574315604079666082e+04 3.848509899461049873e-07 6.114004845114548958e-08
5.575015604085325322e+04 4.190332978077555625e-07 8.470737132769698442e-08
5.575715604090984561e+04 1.651232063368846918e-07 6.200182950828075804e-08
5.576415604096645257e+04 3.212888279976150967e-07 6.858674117429513835e-08
5.577115604102304496e+04 3.393318105536441962e-07 5.891941972459459705e-08
5.577815604107963736e+04 2.674014187193549935e-07 4.565750797283782352e-08
5.578515604113623704e+04 3.478623694673394273e-07 5.648164318127737684e-08
5.579215604119283671e+04 2.218497563549148050e-07 5.692103380447122039e-08
5.579915604124942911e+04 2.756827422108592022e-07 6.987985913812830219e-08
5.580615604130602878e+04 1.701745693720122102e-07 6.375649364589113712e-08
5.581315604136262846e+04 1.329494082898193962e-07 4.873572651514508239e-08
5.582015604141922086e+04 2.252315613624226445e-07 5.196025130500343597e-08
5.582715604147582053e+04 2.169020466244320803e-07 4.537992935151512011e-08
5.583415604153242020e+04 1.464967952660758018e-07 5.292763440178533216e-08
5.584115604158901260e+04 1.529700523437237492e-07 4.403455636980624777e-08
5.584815604164560500e+04 2.739641388399304453e-07 6.347765169483691483e-08
5.585515604170221195e+04 3.204487438202217940e-07 8.533159228068415491e-08
5.586215604175880435e+04 3.456650286428996623e-07 7.914241736016401957e-08
5.586915604181539675e+04 2.112215995615647767e-07 5.210126098614762149e-08
5.587615604187200370e+04 3.351170837449656945e-07 6.031781640867577358e-08
5.588315604192859610e+04 5.318872179079029019e-07 5.790186736494893493e-08
5.589015604198518849e+04 6.143007722125941884e-07 6.904977180953121470e-08
5.589715604204178817e+04 5.510233370438139986e-07 7.794120626307025106e-08
5.590415604209838784e+04 6.216588148750991806e-07 8.148329413983773819e-08
5.591115604215498024e+04 5.302325905449393636e-07 8.047545155841002319e-08
5.591815604221157992e+04 7.433532701274559585e-07 8.332439883419883641e-08
5.592515604226817959e+04 6.247644133919904479e-07 6.909545080251885339e-08
5.593215604232477199e+04 5.257489519652156553e-07 6.063348811723697766e-08
5.593915604238137166e+04 4.889446185454768889e-07 5.592769699190757523e-08
5.594615604243797134e+04 5.419859876559454370e-07 6.270771346859043121e-08
5.595315604249456374e+04 5.794076326356454572e-07 6.611688625993988533e-08
5.596015604255115613e+04 5.938804144706944496e-07 7.984028842929239599e-08
5.596715604260776308e+04 6.046769949801209743e-07 7.965987376284813182e-08
5.597415604266435548e+04 6.663180932852336511e-07 7.805943811377067130e-08
5.598115604272094788e+04 7.085395535409870099e-07 8.161908763038916578e-08
5.598815604277755483e+04 5.617071698222607468e-07 5.872701288144918389e-08
5.599515604283414723e+04 5.453527492500663763e-07 6.718725844179367203e-08
5.600215604289073963e+04 3.047325649267701802e-07 6.401962138619814930e-08
5.600915604294733930e+04 3.100284464684926576e-07 6.100423732784559212e-08
5.601615604300393898e+04 2.812763485520693690e-07 9.356120820354093192e-08
5.602315604306053137e+04 5.173182900383454664e-07 8.519316975965327148e-08
5.603015604311713105e+04 5.700529234322540034e-07 8.456116645641382240e-08
5.603715604317373072e+04 4.077093130003688683e-07 5.597419168756224633e-08
5.604415604323032312e+04 4.148095421052824627e-07 5.170628469709700270e-08
5.605115604328692280e+04 4.364881281912306035e-07 5.382648497368222389e-08
5.605815604334352247e+04 2.806819903686216597e-07 5.444887975896160256e-08
5.606515604340011487e+04 2.126028572016107544e-07 6.749291249093093188e-08
5.607215604345671454e+04 3.747878546508607855e-07 8.576845497224032181e-08
5.607915604351331422e+04 2.789389613958770719e-07 8.607206600425028486e-08
5.608615604356990661e+04 3.180313507085561065e-07 6.063836860413935584e-08
5.609315604362649901e+04 3.917498099399599188e-07 5.328366266363034339e-08
5.610015604368310596e+04 3.753234568245023920e-07 5.078574131635130354e-08
5.610715604373969836e+04 4.429950669435439129e-07 6.678664564615042530e-08
5.611415604379629076e+04 3.907768783990263291e-07 8.122496763285420838e-08
5.612115604385289043e+04 6.783804108530451031e-07 9.951879772868221907e-08
5.612815604390949011e+04 5.661376656529385363e-07 8.702979301585000737e-08
5.613515604396608251e+04 7.602458166531344113e-07 7.624220547736381844e-08
5.614215604402268218e+04 9.012430891277027875e-07 7.496522553607512728e-08
5.614915604407928186e+04 1.053065639923726171e-06 6.563623514879572190e-08
5.615615604413587425e+04 6.906879717673867547e-07 5.899028544475750794e-08
5.616315604419247393e+04 4.371769467314049962e-07 6.214432000124075759e-08
5.617015604424907360e+04 5.721628241684782775e-07 8.633017541968779768e-08
5.617715604430566600e+04 9.760503837717138988e-07 1.190491602284772056e-07
5.618415604436226567e+04 7.383413614870754897e-07 8.908024135775183140e-08
5.619115604441886535e+04 7.977052236013205445e-07 7.826392893338627087e-08
5.619815604447545775e+04 6.071041423529483260e-07 1.900403744214163942e-07
5.620515604453205015e+04 7.484528425043314052e-07 6.098819285731740779e-08
5.621215604458864982e+04 8.388601279067138493e-07 6.220506320614364953e-08
5.621915604464524949e+04 9.995104449196023930e-07 7.920704214924953063e-08
5.622615604470184189e+04 1.158118784677070631e-06 9.745137681592595773e-08
5.623315604475844157e+04 1.155565344065593029e-06 1.298137852273360077e-07
5.624015604481504124e+04 1.105924965008048193e-06 9.169442064690066307e-08
5.624715604487163364e+04 8.427409133980413929e-07 7.222178405938400466e-08
5.625415604492823331e+04 4.175474867846579334e-07 5.271652715726746210e-08
5.626115604498483299e+04 5.545255160515936931e-07 5.678310995726421820e-08
5.626815604504142539e+04 7.604621124047527415e-07 7.757584343014964707e-08
5.627515604509802506e+04 8.479817601062136755e-07 8.108029652066318245e-08
5.628215604515462474e+04 1.057331647923831887e-06 1.257832820615973999e-07
5.628915604521121713e+04 1.313727203464760536e-06 1.181692591175782489e-07
5.629615604526780953e+04 1.593433524900049289e-06 9.155722399492094806e-08
5.630315604532441648e+04 1.565426226166494626e-06 9.012458858509534943e-08
5.631015604538100888e+04 1.675601680653705990e-06 9.249778071743833058e-08
5.631715604543760128e+04 1.821976795204695975e-06 8.331232309268760486e-08
5.632415604549420823e+04 1.630715249464727225e-06 8.587976852902179000e-08
5.633115604555080063e+04 1.680373072170184356e-06 1.123818687405642718e-07
5.633815604560739303e+04 1.595616220778730529e-06 1.079229954604811119e-07
5.634515604566399270e+04 1.318288747270598746e-06 9.998455043861923035e-08
5.635215604572059237e+04 1.376414628420550781e-06 8.789404491897524749e-08
5.635915604577718477e+04 8.350401504923328248e-07 1.140371029469289460e-07
5.636615604583378445e+04 1.110973491777338136e-06 6.692339489484996517e-08
5.637315604589038412e+04 1.316236046346523180e-06 7.662219812763504028e-08
5.638015604594697652e+04 1.349851793481005367e-06 1.039296414307662944e-07
5.638715604600357619e+04 1.566236610791704291e-06 1.126635383013510959e-07
5.639415604606017587e+04 1.788941386257757131e-06 1.317585374615997600e-07
5.640115604611676827e+04 2.162859000175376059e-06 1.093781606520952096e-07
5.640815604617336066e+04 1.725952356147072915e-06 9.698303275100310073e-08
5.641515604622996761e+04 1.972874371475074188e-06 9.536292103450739069e-08
5.642215604628656001e+04 1.850009906246236935e-06 7.839844967196313439e-08
5.642915604634315241e+04 1.578927387333925973e-06 2.013813690666138840e-07
5.643615604639975209e+04 1.206421829403070676e-06 1.063547945505673615e-07
5.644315604645635176e+04 8.770224372808034925e-07 9.086749501706192821e-08
5.645015604651294416e+04 8.536592369218802893e-07 1.009305235401663662e-07
5.645715604656954383e+04 9.388244425610992461e-07 8.262623437674154410e-08
5.646415604662614351e+04 1.131749747893605613e-06 6.932308760186198975e-08
5.647115604668273591e+04 1.043146424041584942e-06 7.164371634271522639e-08
5.647815604673933558e+04 1.152395571701471920e-06 7.006891407000012229e-08
5.648515604679593525e+04 1.392263720164884806e-06 8.666457960754321929e-08
5.649215604685252765e+04 1.227582822341631103e-06 1.188552996846657183e-07
5.649915604690912733e+04 7.750349608446317860e-07 9.871243708232715664e-08
5.650615604696572700e+04 8.273616289238369661e-07 8.641790072595557743e-08
5.651315604702231940e+04 6.906435861264285949e-07 6.736570704494914512e-08
5.652015604707891180e+04 6.463414583918755555e-07 7.426337015865198433e-08
5.652715604713551875e+04 5.664640695814889602e-07 9.516471579185973964e-08
5.653415604719211115e+04 6.354077571612259053e-07 8.206199346267754472e-08
5.654115604724870354e+04 5.343542491809433618e-07 7.426007858159533045e-08
5.654815604730530322e+04 5.483667953489244762e-07 9.462879427032484801e-08
5.655515604736190289e+04 5.972909041489220709e-07 8.788136066872944155e-08
5.656215604741849529e+04 4.363811225496029271e-07 7.461050668822547982e-08
5.656915604747509497e+04 4.223112176637964226e-07 6.585516646197997148e-08
5.657615604753169464e+04 3.117989172332821000e-07 5.010570720453991605e-08
5.658315604758828704e+04 5.160609720786236187e-07 6.999887745021718303e-08
5.659015604764488671e+04 4.459534909779896941e-07 5.612906917315275615e-08
5.659715604770148639e+04 4.103302480803995156e-07 7.482224337888605744e-08
5.660415604775807878e+04 4.674316014790846224e-07 1.089674317369073225e-07
5.661115604781467846e+04 4.267122534987776879e-07 7.675355980737744743e-08
5.661815604787127813e+04 3.432443996619417075e-07 6.501253993156434376e-08
5.662515604792787053e+04 3.835580837682632333e-07 5.364771447637912474e-08
5.663215604798446293e+04 4.104258497664427189e-07 4.245351607555060949e-08
5.663915604804106988e+04 4.845629965217101525e-07 4.707910866784938960e-08
5.664615604809766228e+04 4.752597033883335473e-07 5.529868282097620434e-08
5.665315604815425468e+04 6.611683177828452868e-07 7.070296190288799256e-08
5.666015604821085435e+04 6.404859383583609743e-07 6.184990215052015337e-08
5.666715604826745403e+04 5.773619309699757987e-07 7.212331738123372892e-08
5.667415604832404642e+04 6.752455989355298191e-07 8.956390869583796747e-08
5.668115604838064610e+04 5.071209279680536053e-07 1.116336466388821231e-07
5.669515604849383817e+04 5.418861017593342611e-07 6.775046423045287288e-08
5.670215604855043784e+04 5.115780762452444017e-07 6.361408323267059327e-08
5.670915604860703752e+04 5.911715292498107751e-07 5.979685573665405181e-08
5.671615604866362992e+04 6.140192131833921546e-07 7.028873510433183391e-08
5.672315604872022959e+04 6.661748311723616131e-07 9.060597010151171846e-08
5.673015604877682927e+04 6.341273649348227718e-07 9.166922013710019943e-08
5.673715604883342166e+04 9.711820319201016628e-07 9.088468095482692934e-08
5.674415604889001406e+04 7.447364405001791894e-07 7.878680266555605799e-08
5.675115604894662101e+04 7.572196620154064623e-07 6.475180036916829748e-08
5.675815604900321341e+04 6.456834124249977071e-07 7.386546400318208674e-08
5.676515604905980581e+04 5.778357206777140028e-07 7.447383072102815507e-08
5.677215604911640548e+04 8.231213108769839417e-07 7.445545350813351936e-08
5.677915604917300516e+04 8.436733174016960037e-07 6.835961052273993745e-08
5.678615604922959756e+04 8.568028950861835003e-07 6.474045312088230678e-08
5.679315604928619723e+04 7.183403344424205081e-07 6.587522862946377903e-08
5.680015604934279690e+04 9.473691164354659000e-07 7.100803074413227390e-08
5.680715604939938930e+04 6.012264326033314224e-07 6.485590714112540541e-08
5.681415604945598898e+04 5.500861115556745233e-07 4.464078031326523438e-08
5.682115604951258865e+04 5.054965386480506226e-07 4.885345734492319568e-08
5.682815604956918105e+04 3.484647878787940214e-07 4.914556212083756292e-08
5.683515604962578072e+04 4.602772679060798012e-07 5.808470928304710073e-08
5.684215604968238040e+04 4.443575532776822361e-07 5.618693037257187850e-08
5.684915604973897280e+04 4.570625609643342652e-07 5.969480150323934592e-08
5.685615604979556520e+04 5.414982065579771063e-07 7.086335574028246488e-08
5.686315604985217215e+04 4.234239488313667456e-07 6.936620585173947563e-08
5.687015604990876454e+04 3.808802369027524842e-07 6.588209439528295052e-08
5.687715604996535694e+04 4.091961916986118487e-07 6.799883606417481560e-08
5.688415605002195662e+04 4.370969256665962209e-07 7.428225149569547333e-08
5.689115605007855629e+04 2.917448496434113133e-07 7.356665466809190528e-08
5.689815605013514869e+04 2.962187681215436354e-07 6.827118168215950390e-08
5.690515605019174836e+04 4.100612793676110695e-07 6.074564985413540197e-08
5.691215605024834804e+04 3.835112116268859839e-07 5.795855590829775190e-08
5.691915605030494044e+04 3.569313608172847968e-07 5.322778905776794559e-08
5.692615605036154011e+04 2.534835395161303585e-07 4.739955852227195130e-08
5.693315605041813978e+04 2.828103902369967625e-07 6.547921248113112693e-08
5.694015605047473218e+04 3.925591913549794309e-07 7.323275704196694552e-08
5.694715605053133186e+04 4.276607156526533968e-07 7.570582955259752332e-08
5.695415605058793153e+04 4.394887284063931912e-07 8.334409258035217888e-08
5.696115605064452393e+04 3.297627967720752305e-07 5.373990032298935739e-08
5.696815605070111633e+04 4.449545814533941498e-07 5.429547749214412922e-08
5.697515605075772328e+04 4.409272220354781863e-07 6.368959460105121060e-08
5.698215605081431568e+04 4.992940061341325303e-07 6.080602608500975887e-08
5.698915605087090808e+04 4.494367050596654160e-07 7.401219631685403260e-08
5.699615605092750775e+04 3.996437733344517257e-07 6.361472696362502360e-08
5.700315605098410742e+04 4.154086049565780280e-07 4.989253211439423328e-08
5.701015605104069982e+04 4.293966568012056191e-07 6.286570374026874216e-08
5.701715605109729950e+04 2.875775012376750353e-07 5.467156660035873726e-08
5.702415605115389917e+04 4.975360238884367844e-07 7.283588653708706272e-08
5.703115605121049157e+04 4.340861263007431446e-07 7.487291920658783735e-08
5.703815605126709124e+04 4.050560775536879797e-07 6.783467550232906175e-08
5.704515605132369092e+04 3.051829613489722584e-07 5.219743209471816847e-08
5.705215605138028332e+04 2.728748563826543539e-07 4.813082425643506850e-08
5.705915605143688299e+04 3.987352747698106389e-07 6.186731300102946719e-08
5.706615605149348266e+04 3.520779013094936854e-07 5.699573813385152667e-08
5.707315605155007506e+04 4.141121156843034553e-07 7.532778203686445007e-08
5.708015605160666746e+04 3.918948657323223619e-07 8.884246970474196330e-08
5.708715605166326714e+04 3.218799224815985313e-07 9.995517366677672892e-08
5.709415605171986681e+04 3.209793538931600737e-07 5.735042584585714692e-08
5.710115605177645921e+04 2.683383823064374486e-07 5.326337121607029729e-08
5.710815605183305888e+04 2.778254073472901873e-07 5.058403067459155902e-08
5.711515605188965856e+04 3.402511951222402876e-07 5.256275890804724626e-08
5.712215605194625095e+04 4.034064380064532594e-07 6.315380401184003959e-08
5.712915605200285063e+04 3.273277716565043945e-07 9.555546948619388586e-08
5.713615605205945030e+04 2.112452563604302924e-07 7.561170868596963425e-08
5.714315605211604270e+04 3.207080525651389453e-07 7.059736499742822997e-08
5.715015605217264238e+04 2.807986897938896589e-07 5.843691428309273921e-08
5.715715605222924205e+04 3.376054940447531213e-07 4.699799230385379235e-08
5.716415605228583445e+04 1.830338507524249074e-07 3.557199058879206945e-08
5.717115605234242685e+04 1.975763349159146880e-07 4.591422733472786583e-08
5.717815605239903380e+04 2.411991711672792394e-07 6.314891187167799285e-08
5.718515605245562620e+04 3.180619880798344855e-07 8.473518488851265674e-08
5.719215605251221859e+04 3.680041521095248407e-07 5.554559954003724524e-08
5.719915605256882554e+04 3.374065256278067874e-07 5.967313242424354233e-08
5.720615605262541794e+04 3.379091829564863167e-07 5.102494079178142753e-08
5.721315605268201034e+04 1.459845735864747132e-07 3.505161822029239730e-08
5.722015605273861001e+04 2.419056466887544206e-07 4.406513449896081238e-08
5.722715605279520969e+04 1.853776994641308571e-07 4.653698703699367518e-08
5.723415605285180209e+04 3.653716199671845628e-07 7.458787242945858659e-08
5.724115605290840176e+04 4.929885373527555624e-07 9.003443271749362061e-08
5.724815605296500144e+04 2.755652470805563163e-07 6.796011073429010554e-08
5.725515605302159383e+04 3.704201451171679508e-07 6.055318291508001217e-08
5.726215605307819351e+04 1.868050019645419218e-07 3.860936923213362130e-08
5.726915605313479318e+04 2.406696235975098584e-07 4.133493781352109685e-08
5.727615605319138558e+04 2.203688214171554336e-07 4.666109891758824557e-08
5.728315605324797798e+04 3.148381506825671983e-07 6.619623670060012977e-08
5.729015605330458493e+04 3.649248386079872678e-07 7.848001570480548792e-08
5.729715605336117733e+04 4.787293207484457445e-07 9.896071813115913896e-08
5.730415605341776973e+04 5.571558308373450162e-07 7.156552531096870902e-08
5.731115605347436940e+04 3.271975370714588004e-07 6.132902084179661526e-08
5.731815605353096907e+04 3.791016812487307052e-07 5.413442944886457777e-08
5.732515605358756147e+04 4.483940637219410852e-07 5.705528309993486411e-08
5.733215605364416115e+04 6.397442837542762836e-07 6.304559464383559683e-08
5.733915605370076082e+04 7.456534978964682150e-07 9.046026041030742582e-08
5.734615605375735322e+04 9.213334936210344162e-07 1.024034184363675001e-07
5.735315605381395289e+04 6.846502714892840391e-07 9.961097408552420470e-08
5.736015605387055257e+04 7.045802718647143403e-07 6.792313942003993950e-08
5.736715605392714497e+04 1.024386063128439459e-06 7.477731535790580412e-08
5.737415605398374464e+04 6.957945828441387517e-07 6.914204844159944923e-08
5.738115605404034432e+04 9.321469723802789025e-07 7.026111580078697648e-08
5.738815605409693671e+04 1.085094973069556517e-06 9.209602765805538191e-08
5.739515605415352911e+04 8.226901866387034501e-07 9.513434721945130587e-08
5.740215605421013606e+04 8.718475293496562576e-07 9.772551617513212417e-08
5.740915605426672846e+04 5.189040911784668094e-07 6.704597840655840077e-08
5.741615605432332086e+04 6.216503077714562868e-07 6.708428812789994301e-08
5.742315605437992053e+04 5.342793610525211268e-07 6.525270140309822433e-08
5.743015605443652021e+04 5.274887526129452210e-07 5.646168288748938899e-08
5.743715605449311261e+04 4.479192431283883410e-07 5.844176669372538330e-08
5.744415605454971228e+04 5.077753642756251853e-07 6.980734393059649081e-08
5.745115605460631195e+04 6.841660881812117554e-07 8.495249168137382973e-08
5.745815605466290435e+04 5.873677367101309735e-07 9.890588608185716717e-08
5.746515605471950403e+04 4.689428310950312351e-07 6.534966421026871444e-08
5.747215605477610370e+04 4.982881121297950184e-07 6.019517758296733977e-08
5.747915605483269610e+04 4.566510477210611377e-07 5.151249271848067885e-08
5.748615605488929577e+04 3.940325147150012127e-07 5.081749001409884526e-08
5.749315605494589545e+04 4.885437024385760723e-07 6.355580623263491345e-08
5.750015605500248785e+04 4.232533338892438831e-07 8.213944633888179692e-08
5.750715605505908024e+04 3.900637698787320441e-07 9.235039806677828183e-08
5.751415605511568720e+04 3.186896599291499170e-07 7.930012117093123972e-08
5.752115605517227959e+04 4.470273171266576920e-07 7.565294676761513666e-08
5.752815605522887199e+04 6.708770344682802824e-07 6.792853277197980165e-08
5.753515605528547167e+04 6.864566715966573814e-07 5.721578062952246698e-08
5.754215605534207134e+04 5.906938150813792454e-07 6.012309526436016301e-08
5.754915605539866374e+04 3.262309580808424239e-07 7.185973476972350652e-08
5.755615605545526341e+04 6.274703886883310256e-07 6.671861448233816656e-08
5.756315605551186309e+04 5.426157139298486664e-07 7.009820461213909962e-08
5.757015605556845549e+04 4.138202198366369242e-07 8.730673149320459312e-08
5.757715605562505516e+04 2.502960741809492237e-07 5.002117178468327548e-08
5.758415605568165483e+04 5.299497067006853438e-07 5.393599884163196745e-08
5.759115605573824723e+04 5.886304798786682394e-07 5.451348074556657998e-08
5.759815605579484691e+04 5.165261640086256426e-07 7.004787668465968909e-08
5.760515605585144658e+04 3.472594792040556004e-07 5.859439322363621092e-08
5.761215605590803898e+04 4.021223113990631311e-07 9.525573124468085210e-08
5.761915605596463138e+04 4.668036459690970239e-07 9.767120638735354781e-08
5.762615605602123833e+04 2.305504986850116808e-07 5.672058163965877853e-08
5.763315605607783073e+04 2.541565713954213929e-07 4.409525726690841104e-08
5.764015605613442312e+04 2.512804866536426466e-07 4.177573434155599491e-08
5.764715605619102280e+04 4.213147277311065888e-07 5.679124594862158980e-08
5.765415605624762247e+04 3.465766177163619495e-07 7.279373493049875112e-08
5.766115605630421487e+04 3.011999512312678455e-07 5.599666847848038380e-08
5.766815605636081455e+04 2.923326276341406638e-07 8.237209109772121562e-08
5.767515605641741422e+04 2.836791771045185077e-07 9.269450416377860932e-08
5.768215605647400662e+04 1.499188981089817020e-07 3.788551867135457294e-08
5.768915605653060629e+04 2.365085858218324139e-07 5.547362081311667165e-08
5.769615605658720597e+04 5.537810113766647927e-07 6.941812467169686887e-08
5.770315605664379837e+04 5.022973524028033095e-07 5.584585590578249009e-08
5.771015605670039804e+04 5.395078436222712217e-07 8.305599983607290578e-08
5.771715605675699771e+04 4.717692275861691899e-07 1.146068528508797020e-07
5.772415605681359011e+04 5.432111796134272363e-07 9.128935381846448579e-08
5.773115605687018251e+04 5.814751124161693031e-07 6.415511061916320054e-08
5.773815605692678946e+04 4.138575512081406501e-07 6.081594613690894893e-08
5.774515605698338186e+04 5.675594767466572531e-07 6.583081929687098681e-08
5.775215605703997426e+04 4.672309458721356379e-07 7.209297435239721245e-08
5.775915605709657393e+04 8.025813868583256725e-07 7.801209155322450480e-08
5.776615605715317361e+04 7.410459851666981245e-07 1.058521812165597310e-07
5.777315605720976600e+04 8.555405239710391410e-07 1.209746529059451918e-07
5.778015605726636568e+04 1.179338507203261975e-06 1.088984155755343072e-07
5.778715605732296535e+04 9.098644355885423313e-07 9.258031146797838683e-08
5.779415605737955775e+04 8.695239263418112197e-07 7.322256918856029886e-08
5.780115605743615743e+04 8.686856129998157171e-07 7.151118864807605630e-08
5.780815605749275710e+04 1.190131484188666756e-06 7.732987960526736663e-08
5.781515605754934950e+04 1.022331681852928488e-06 9.275382315111862312e-08
5.782215605760594917e+04 6.238296964626270593e-07 1.082954494651087878e-07
5.782915605766254885e+04 4.475321715567800333e-07 7.507208722618247678e-08
5.783615605771914124e+04 4.832169226900796083e-07 6.715565856532638501e-08
5.784315605777573364e+04 4.013552088516870986e-07 5.666541229350546314e-08
5.785015605783234059e+04 3.831395867025088063e-07 8.310801892155373259e-08
5.785715605788893299e+04 3.961856281683064247e-07 5.423451717006100560e-08
5.786415605794552539e+04 2.015567964667065089e-07 6.093695451705918272e-08
5.787115605800212506e+04 2.895600325600612722e-07 7.376434714299923823e-08
5.787815605805872474e+04 3.606512676460856901e-07 1.013051914884453715e-07
5.788515605811531714e+04 4.110185193359082379e-07 6.751708444486330067e-08
5.789215605817191681e+04 3.601799785225427906e-07 5.381337120673275327e-08
5.789915605822851649e+04 2.546622091626683345e-07 4.498557509518234642e-08
5.790615605828510888e+04 2.741437814594382369e-07 4.863937395849949808e-08
5.791315605834170856e+04 2.756857121543785428e-07 6.009444629727163770e-08
5.792015605839830823e+04 3.278615972271293389e-07 8.123826224926468372e-08
5.792715605845490063e+04 4.179796138314847711e-07 9.176900374230014602e-08
5.793415605851150031e+04 4.543695047991884093e-07 7.321983377777093699e-08
5.794115605856809998e+04 5.141834427404149592e-07 6.668491920780954314e-08
5.794815605862469238e+04 3.459666204747635434e-07 5.311015669490330922e-08
5.795515605868128478e+04 4.005924213045887696e-07 4.986261151420840342e-08
5.796215605873788445e+04 3.053797233058612678e-07 5.279647415849141581e-08
5.796915605879448412e+04 4.461076390008851238e-07 6.008864992202642558e-08
5.797615605885107652e+04 2.413581306577869716e-07 6.685884685746422472e-08
5.798315605890767620e+04 3.262467931541091875e-07 9.767453251868567023e-08
5.799015605896427587e+04 3.144645879536649600e-07 7.288997944243767044e-08
5.799715605902086827e+04 4.331457036702643850e-07 6.206530764239350172e-08
5.800415605907746794e+04 4.267248205476325952e-07 5.335412870200558427e-08
5.801115605913406762e+04 3.561488595873321822e-07 6.391630480065611233e-08
5.801815605919066002e+04 5.321620833776639937e-07 5.876642037152501542e-08
5.802515605924725969e+04 5.928417664703844549e-07 7.504923671730506864e-08
5.803215605930385937e+04 5.052731408465243362e-07 8.411673555534360231e-08
5.803915605936045176e+04 6.462058538445583462e-07 8.986815985005902755e-08
5.804615605941704416e+04 8.336789171865086349e-07 9.652370677891805516e-08
5.805315605947365111e+04 7.915000862712163046e-07 6.613040491055396659e-08
5.806015605953024351e+04 6.786200952756634830e-07 7.105834073466624727e-08
5.806715605958683591e+04 7.025743214519388510e-07 5.932665744292768182e-08
5.807415605964343558e+04 7.649265281007049774e-07 7.263679653972429030e-08
5.808115605970003526e+04 1.115385578716827397e-06 1.047177513100081246e-07
5.808815605975662766e+04 9.707751748217780561e-07 1.050825248152396541e-07
5.809515605981322733e+04 9.597224260409522756e-07 1.065424937032439995e-07
5.810215605986982700e+04 1.213829560127194493e-06 9.296098456161782643e-08
5.810915605992641940e+04 1.310849328565635274e-06 7.321861162456258300e-08
5.811615605998301908e+04 1.185017462446626614e-06 7.974085251773471936e-08
5.812315606003961875e+04 1.135729023710699311e-06 8.543236442388153542e-08
5.813015606009621115e+04 1.159497941863499184e-06 8.607618728726809998e-08
5.813715606015281082e+04 1.226827131541014876e-06 6.437391971734848592e-08
5.814415606020941050e+04 1.021804488411112185e-06 9.826861306498515229e-08
5.815115606026600290e+04 1.090471727732019016e-06 6.478494539796397092e-08
5.815815606032260257e+04 9.978050123414234937e-07 6.429909327527613120e-08
5.816515606037920224e+04 8.433731256704179695e-07 6.573354123655213604e-08
5.817215606043579464e+04 9.141823093542579337e-07 6.429604028473828618e-08
5.817915606049238704e+04 8.868056904187193229e-07 6.992743316047737704e-08
5.818615606054898672e+04 1.007239595287103748e-06 8.804348747214541206e-08
5.819315606060558639e+04 7.879977449092124555e-07 1.712208630737235783e-07
5.821415606077537814e+04 6.127525602012611161e-07 4.678190350633709913e-08
5.822115606083197054e+04 6.814853298815581092e-07 5.032910476065922443e-08
5.822815606088857021e+04 7.774568936315941211e-07 4.664684221134212857e-08
5.823515606094516988e+04 6.201543009260653948e-07 5.201738970884218554e-08
5.824915606105835468e+04 4.169873020325958765e-07 1.508666304025807885e-07
5.825615606111496163e+04 5.725475605081650998e-07 5.710867443768104895e-08
5.826315606117155403e+04 5.457477454275105507e-07 1.712268323013268636e-07
5.827015606122814643e+04 4.983651909073110978e-07 2.447479640833656087e-07
5.827715606128475338e+04 7.795279811190276914e-07 1.098871920925300958e-07
5.828415606134134578e+04 7.139200081117597560e-07 4.761002337924509049e-08
5.829115606139793817e+04 6.474669804742804456e-07 1.389906249499690923e-07
5.829815606145454512e+04 5.944159329282746948e-07 6.408562262802552541e-08
5.830515606151113752e+04 5.274965635441295761e-07 9.423272244016442135e-08
5.831215606156772992e+04 5.493120345349060773e-07 7.939846083011267836e-08
5.831915606162432960e+04 3.947882886339797429e-07 6.319680744084788746e-08
5.832615606168092927e+04 4.762744870008689368e-07 4.012384370207141970e-08
5.833315606173752167e+04 4.603959173638078295e-07 6.795109743488069640e-08
5.834715606185072102e+04 7.743998738506646160e-07 8.190908799391226572e-08
5.835415606190731341e+04 6.549622979216967881e-07 7.987907975054757527e-08
5.836115606196391309e+04 7.624206849799811874e-07 6.386554522691308708e-08
5.836815606202051276e+04 5.190953173669069214e-07 4.385025373513808521e-08
5.837515606207710516e+04 4.201990432725788950e-07 7.007542323280836510e-08
5.839615606224689691e+04 5.422756384722681052e-07 1.185708447213352431e-07
5.840315606230348931e+04 5.606275854391552290e-07 6.442434832866576403e-08
5.841015606236008898e+04 7.263150794534820619e-07 6.568986898359255080e-08
5.841715606241668866e+04 9.607149087115208518e-07 1.195617954758964548e-07
5.842415606247328105e+04 8.716456435362580650e-07 3.622120794501257852e-07
5.843115606252988073e+04 1.760151645838728511e-07 8.346040046969709639e-08
5.845215606269967247e+04 7.659625664296741932e-07 1.043351979766415886e-07
5.845915606275627215e+04 5.689220804635181501e-07 9.725821559068032711e-08
5.846615606281286455e+04 6.691575882017097559e-07 1.462250686815858490e-07
5.847315606286946422e+04 7.129111805400636426e-07 9.086931591102174265e-08
5.848015606292606390e+04 8.108080764411469362e-07 7.394146648728975279e-08
5.848715606298265629e+04 7.951126673998660603e-07 9.748841595274090127e-08
5.849415606303924869e+04 6.401970170367268265e-07 6.168506581107192228e-08
5.850115606309585564e+04 6.072924928740373840e-07 8.422890070594562120e-08
5.850815606315244804e+04 6.590458013634279334e-07 1.037691275725562006e-07
5.851515606320904044e+04 7.573690463303278066e-07 8.890393754353618139e-08
5.852215606326564011e+04 5.595667248653949293e-07 5.822150953546594214e-08
5.852915606332223979e+04 6.062588206652560089e-07 4.694599382521604873e-08
5.853615606337883219e+04 2.683343149857466097e-07 4.777386672417239831e-08
5.854315606343543186e+04 2.674418168798747318e-07 4.716509009700265786e-08
5.855015606349203154e+04 3.372417772317527224e-07 5.414267542844327000e-08
5.855715606354862393e+04 2.940512285400601839e-07 7.728230430943693253e-08
5.856415606360522361e+04 3.314932988768139489e-07 9.261081751828277700e-08
5.857115606366182328e+04 4.107219496492917197e-07 8.176849069987264458e-08
5.857815606371841568e+04 3.552311903808638788e-07 5.685074589942444845e-08
5.858515606377501535e+04 4.521108961883846382e-07 7.197744710961060638e-08
5.859915606388820743e+04 2.196559563607188712e-07 7.887494978304980904e-08
5.860615606394479983e+04 3.314357284547025029e-07 6.633790925722974040e-08
5.861315606400140678e+04 3.479270040309280355e-07 8.644072529593427465e-08
5.862015606405799917e+04 2.371755831902168673e-07 8.210436995872396274e-08
5.862715606411459157e+04 8.708367717807301406e-08 3.996884989185515177e-08
5.863415606417119125e+04 3.783518122316978209e-07 2.129542897553031222e-07
5.864115606422779092e+04 1.812173714039806876e-07 8.889319153726053645e-08
5.864815606428438332e+04 1.161693461294063558e-07 5.837351637282469670e-08
5.865515606434098299e+04 3.153228280196947158e-07 5.841325099274593601e-08
5.866215606439758267e+04 2.325016652030706719e-07 7.243056182177142464e-08
5.866915606445417507e+04 1.837479024477201495e-07 6.286514688681471088e-08
5.867615606451077474e+04 1.341020554340435907e-07 6.164479020790025287e-08
5.868315606456737441e+04 2.026415848636506174e-07 5.365192306280694532e-08
5.869015606462396681e+04 1.391867943982684147e-07 3.714891468573929533e-08
5.869715606468055921e+04 1.349316153322637215e-07 3.284989116449246296e-08
5.870415606473716616e+04 1.365505282146444732e-07 3.865257657856670092e-08
5.871115606479375856e+04 1.622922519273773233e-07 5.596615532673044527e-08
5.871815606485035096e+04 1.281626624029876498e-07 6.359018737292354546e-08
5.872515606490695791e+04 1.376327605290533132e-07 5.216691899888084831e-08
5.873215606496355031e+04 2.227794370681712328e-07 4.494471079690655982e-08
5.873915606502014271e+04 1.915646575741607886e-07 4.740510139942302750e-08
5.874615606507674238e+04 3.115191022300914158e-07 4.684060659831935364e-08
5.875315606513334205e+04 3.624884243622736747e-07 6.781159043358987284e-08
5.876015606518993445e+04 2.833203426966437778e-07 6.250508706342859398e-08
5.876715606524653413e+04 3.740494712479663851e-07 9.141402402758564780e-08
5.877415606530313380e+04 1.219655939878158063e-07 7.192720189438466386e-08
5.878115606535972620e+04 1.610170186604417047e-07 8.723586156831260000e-08
5.878815606541632587e+04 1.395651221559384068e-07 5.613307209988591055e-08
5.880915606558611762e+04 7.365402712630225833e-08 3.528232991660533530e-08
5.881615606564271729e+04 1.958850770124382005e-07 6.176953208820819755e-08
5.882315606569930969e+04 7.262732066284354362e-08 3.104493969055498710e-08
5.883015606575590209e+04 8.264712526335803041e-08 3.545031996051815905e-08
5.883715606581250177e+04 1.360331587790971217e-07 1.000454189667117025e-07
5.884415606586910144e+04 6.644363924022953872e-08 2.731186625018939577e-08
5.885115606592569384e+04 1.554310923921296944e-07 4.520064954630450661e-08
5.885815606598229351e+04 5.236784865406691128e-08 3.410999678149975290e-08
5.886515606603889319e+04 7.039016355652943819e-08 5.897965105638407889e-08
5.887215606609548558e+04 8.590144990602301855e-08 3.434900809968393396e-08
5.887915606615208526e+04 6.696446309802971899e-08 3.220191545804803039e-08
5.888615606620868493e+04 4.645328802589858652e-08 1.780540334870421329e-08
5.889315606626527733e+04 7.626826911431270929e-08 3.147541839877692741e-08
5.890715606637847668e+04 5.693833395315225275e-08 2.898455759868363047e-08
5.892115606649166148e+04 6.806457581086720917e-08 2.859756178618362042e-08
5.892815606654826843e+04 7.755098253679493266e-08 3.378064484283923639e-08
5.894215606666145322e+04 7.198841004512118121e-08 3.202646177232528626e-08
5.897715606694444432e+04 7.681395580543912739e-08 3.070486042756564617e-08
5.899115606705763639e+04 3.090678132334238657e-08 2.193672800438150206e-08
5.899815606711423607e+04 1.338621644390305410e-07 4.774884879505239227e-08
5.902615606734062021e+04 1.234966805224388455e-07 5.302645364427445201e-08
5.904715606751041196e+04 1.495674333720440690e-07 8.650688073771251575e-08
5.908215606779339578e+04 1.875058588044943962e-08 8.298894743834864836e-09
5.909615606790658785e+04 4.371913780237636104e-08 2.187358535246089594e-08
5.910315606796318752e+04 9.590956585616719523e-09 4.251833791420645393e-09
5.911015606801978720e+04 6.460545552738963067e-08 2.661976890979829541e-08
5.911715606807637960e+04 5.155590266021254204e-08 2.146873682429309420e-08
5.913815606824617134e+04 6.778747363014794295e-08 2.849900144128345253e-08
5.914515606830276374e+04 1.006638971295613300e-07 4.185741504483950767e-08
5.915215606835937069e+04 5.832409507283640997e-08 2.896740853470066686e-08
5.915915606841596309e+04 9.978398717568739949e-08 5.643984414592600009e-08
5.918015606858575484e+04 8.404664803149843397e-08 3.937199117892511944e-08
5.918715606864234724e+04 7.233756303942312223e-08 2.944267315652874984e-08
5.920115606875554658e+04 1.012397376112757764e-07 5.446026406613399399e-08
5.922215606892533833e+04 5.297591675213523089e-08 2.018094827956172257e-08
5.922915606898193073e+04 4.734753708118750201e-08 3.610578754720127091e-08
5.924315606909513008e+04 5.333275608929356495e-08 2.546158967610770843e-08
5.925015606915172248e+04 5.673020464819637468e-08 2.890614656581792385e-08
5.926415606926492183e+04 4.408727296037217301e-08 1.717924879360203365e-08
5.927115606932151422e+04 4.401254388200722387e-08 1.971736096138789034e-08
5.936915607011386601e+04 1.702828044696134300e-07 1.026757245206176874e-07
5.937615607017047296e+04 5.236678593090594981e-07 1.464866123588278284e-07
5.938315607022706536e+04 3.345851789137512031e-07 1.137590772660117636e-07
5.939015607028365775e+04 3.117568486375609399e-07 6.010844791927132318e-08
5.939715607034025743e+04 1.092813927433884376e-07 4.964660103371444876e-08
5.941115607045344950e+04 8.905373395517723904e-08 3.844939325065607285e-08
5.942515607056664885e+04 5.823767388132058297e-08 2.381303169793758866e-08
5.943215607062324125e+04 4.038532497238371004e-08 2.443784583139808265e-08
5.943915607067984092e+04 3.657437063975679120e-08 1.728035283388160229e-08
5.944615607073644060e+04 9.559780024900812126e-08 4.500860546633042169e-08
5.945315607079303300e+04 6.499880270270317350e-08 3.533651005119035347e-08
5.946015607084963267e+04 1.735761447138687650e-07 5.720307361036415922e-08
5.946715607090623234e+04 3.187370081719481183e-07 5.919392579707753122e-08
5.947415607096282474e+04 2.482128199355764568e-07 4.595068627055433880e-08
5.948115607101941714e+04 2.579837745823902778e-07 5.192130518659531668e-08
5.948815607107601681e+04 2.661074582010080476e-07 5.715091493812525177e-08
5.949515607113261649e+04 6.218093425406428423e-07 1.219733884407443902e-07
5.950215607118920889e+04 2.621520882995807887e-07 5.637929584906295721e-08
5.950915607124580856e+04 1.954405550877458205e-07 7.648491370182368205e-08
5.951615607130240824e+04 5.031632410983404900e-07 8.826283729908081412e-08
5.952315607135900063e+04 6.407973789075057912e-07 8.446912832142677017e-08
5.953015607141560031e+04 8.839019797625065758e-07 1.185554490811146339e-07
5.953715607147219998e+04 4.735938827487706611e-07 1.371825770316782041e-07
5.954415607152879238e+04 6.040311766710460440e-07 1.963490906738467271e-07
5.955115607158539206e+04 3.612183934333161107e-07 7.340776852556156038e-08
5.955815607164199173e+04 3.449802667909319648e-07 6.572265865692831609e-08
5.956515607169858413e+04 4.247679992654816244e-07 8.344505741716713987e-08
5.957215607175518380e+04 3.405340976105293096e-07 6.538150552404836613e-08
5.957915607181178348e+04 4.317122951144102816e-07 6.784058551010746915e-08
5.958615607186837588e+04 3.076148207763758949e-07 4.911220594485773440e-08
5.959315607192496827e+04 1.823046307834320736e-07 4.004998901222978373e-08
5.960015607198157522e+04 2.402167447691519842e-07 4.792243656176574087e-08
5.960715607203816762e+04 2.070518582086512219e-07 4.906276992525419313e-08
5.961415607209476002e+04 2.100453968944660310e-07 6.544323046573278064e-08
5.962115607215135969e+04 3.023504790563246682e-07 7.630073135411639716e-08
5.962815607220795937e+04 3.038150557062461043e-07 6.352318067490383203e-08
5.963515607226455177e+04 4.989806640497528743e-07 5.845640551126629857e-08
5.964215607232115144e+04 4.581585730662264153e-07 6.231450668377033164e-08
5.964915607237775112e+04 5.563899529002536742e-07 5.732286818603780422e-08
5.965615607243434351e+04 6.420384950191616229e-07 6.113261116970551330e-08
5.966315607249094319e+04 4.144885741293156894e-07 7.669687730960421948e-08
5.967015607254754286e+04 5.353549139008845696e-07 8.310071023965418597e-08
5.967715607260413526e+04 6.549223322399338147e-07 9.777126524980849626e-08
5.968415607266073494e+04 9.238238056467054285e-07 9.475958483891504560e-08
5.969115607271733461e+04 6.282797904011400247e-07 7.318935570652051621e-08
5.971215607288711908e+04 6.739745293254046047e-07 7.164281093546865363e-08
5.971915607294371875e+04 3.868994794653693969e-07 6.610871937055632060e-08
5.972615607300031115e+04 3.997718583103621387e-07 7.860467906561305974e-08
5.973315607305691083e+04 2.762016124076567571e-07 6.722855758427430785e-08
5.974015607311351050e+04 5.601407389744809279e-07 1.392948044124016623e-07
5.974715607317010290e+04 4.472536251546465164e-07 9.898516924765084789e-08
5.975415607322670257e+04 4.988750369141900309e-07 8.518490734881875386e-08
5.976115607328330225e+04 5.543629922958343531e-07 5.913803839007647521e-08
5.976815607333989465e+04 1.121073712620892817e-06 8.935379031326097404e-08
5.977515607339649432e+04 1.311725892357510354e-06 1.138892640176660100e-07
5.978215607345309400e+04 2.314584790492166299e-06 1.274182345995535692e-07
5.978915607350968639e+04 2.286150613721294420e-06 1.120695364973472481e-07
5.979615607356627879e+04 1.911684916295850577e-06 7.425088773107094187e-08
5.980315607362288574e+04 2.774048447214983440e-06 8.396856342751864344e-08
5.981015607367947814e+04 2.093861162257668604e-06 8.077410057260869637e-08
5.981715607373607054e+04 1.460374446781625779e-06 9.082055231152007590e-08
5.982415607379267021e+04 1.513308299739010319e-06 9.954403412748367190e-08
5.983115607384926989e+04 1.014276471600300572e-06 1.073990769052219059e-07
5.983815607390586229e+04 1.364544952249112421e-06 8.154038655659555196e-08
5.984515607396246196e+04 1.825707534758666827e-06 9.160146337246592974e-08
5.985215607401906163e+04 2.587206514242804639e-06 8.887672537319111358e-08
5.985915607407565403e+04 2.004542641295851271e-06 1.337958910888037456e-07
5.986615607413225371e+04 2.254769915747861293e-06 1.734385782158147570e-07
5.987315607418885338e+04 1.444699854640356285e-06 1.003325123933932879e-07
5.988015607424544578e+04 1.196235383645097967e-06 1.064811808179979980e-07
5.988715607430204545e+04 9.476891183855294427e-07 1.144685394402637835e-07
5.989415607435864513e+04 1.225288877578948645e-06 9.242405593126523405e-08
5.990115607441523753e+04 1.258531379388224323e-06 1.357500007090024513e-07
5.990815607447183720e+04 1.499854224248311305e-06 1.327714469916474065e-07
5.991515607452843687e+04 1.358404482004129015e-06 1.874697717875583836e-07
5.992215607458502927e+04 3.090544552744557347e-06 1.045710761895853510e-07
5.992915607464162167e+04 4.127411216037428370e-06 1.344186848135650602e-07
5.993615607469822135e+04 4.781559479199999896e-06 1.687109579811110471e-07
5.994315607475482102e+04 2.910339235722199380e-06 1.360630696627485990e-07
5.995015607481141342e+04 2.084938881147228353e-06 9.328667023398570567e-08
5.995715607486801309e+04 1.628252889492055239e-06 8.073185520899769158e-08
5.996415607492461277e+04 1.240186512643435651e-06 6.308095259355799908e-08
5.997115607498120517e+04 1.064733548737260321e-06 6.770849638321452604e-08
5.997815607503780484e+04 6.461430401884766930e-07 6.477141743154043859e-08
5.998515607509440451e+04 6.531971326084734480e-07 7.922185146164162023e-08
5.999215607515099691e+04 4.149445726368784053e-07 7.869406395749422936e-08
5.999915607520758931e+04 4.444844094287399401e-07 5.626266517431017704e-08
6.000615607526419626e+04 7.092996425594289488e-07 6.131147589499149093e-08
6.001315607532078866e+04 6.612644422169797712e-07 6.311361150402145977e-08
6.002015607537738106e+04 4.391565233589855429e-07 7.053115680723075805e-08
6.002715607543398801e+04 3.716517987524704340e-07 6.620825168825576460e-08
6.003415607549058041e+04 3.501546471504141167e-07 7.370633073151267917e-08
6.004115607554717280e+04 4.397575021450037882e-07 8.477020343902860414e-08
6.004815607560377975e+04 4.021123892568845815e-07 7.755762085328989694e-08
6.005515607566037215e+04 6.492721213337578291e-07 8.159112130166964070e-08
6.006215607571696455e+04 7.296955562510847611e-07 1.073154408710714244e-07
6.007615607583016390e+04 1.015080637706793926e-06 1.941970550713144462e-07
6.008315607588675630e+04 1.271449933599287234e-06 8.474344045995204701e-08
6.009015607594335597e+04 2.315552434356684668e-06 1.224713208768113250e-07
6.009715607599995565e+04 8.811324375715464417e-07 1.181044338490125351e-07
6.010415607605654805e+04 9.459712856071634296e-07 1.275504790070410585e-07
6.011115607611314772e+04 1.336813579391742233e-06 1.371368884101815907e-07
6.011815607616974739e+04 1.118164511641638529e-06 1.230477039091190981e-07
6.012515607622633979e+04 8.692756376897238028e-07 7.655637068610921368e-08
6.013215607628293219e+04 7.637360520013187316e-07 7.617173142104972082e-08
6.013915607633953186e+04 1.017890642298947114e-06 8.797414948307760901e-08
6.014615607639613154e+04 9.776073087595638841e-07 1.213502131059123808e-07
6.015315607645272394e+04 1.011093359918402982e-06 9.343340017311576862e-08
6.016015607650932361e+04 1.048154274207406517e-06 6.222798697633360722e-08
6.016715607656592329e+04 1.026572762583688843e-06 5.980957390057075367e-08
6.017415607662251568e+04 7.154066873600975001e-07 6.308846900917737316e-08
6.018115607667911536e+04 7.246487710448990021e-07 6.094662714076097407e-08
6.018815607673571503e+04 7.256053540365201747e-07 8.850583849211354922e-08
6.019515607679230743e+04 8.268724911912229043e-07 9.521117738115631446e-08
6.020215607684890711e+04 7.055184809381875352e-07 9.872015500480968436e-08
6.020915607690550678e+04 6.764575915054540007e-07 7.156645632534480597e-08
6.021615607696209918e+04 1.242851494740864364e-06 1.013062971364539102e-07
6.022315607701869885e+04 1.292038235809089654e-06 7.957313433258251399e-08
6.023015607707529853e+04 1.016732985495700676e-06 1.853369274615080590e-07
6.023715607713189092e+04 9.788670225787577871e-07 9.500416289051330599e-08
6.024415607718849060e+04 6.273408733839929055e-07 7.877047890492122706e-08
6.025115607724509027e+04 1.111193158119928437e-06 1.039650554155035213e-07
6.025815607730168267e+04 8.350576439336338481e-07 1.012514291366009031e-07
6.026515607735827507e+04 5.628292063971805216e-07 8.232222490557032834e-08
6.027215607741487474e+04 1.015211925709760238e-06 1.783218348461221555e-07
6.027915607747147442e+04 1.134945650289696840e-06 1.514376795604790901e-07
6.028615607752806682e+04 1.414398517467011384e-06 1.135741394725271199e-07
6.029315607758466649e+04 1.154929339779957219e-06 8.366517309754489056e-08
6.030015607764126617e+04 1.175119960384788609e-06 9.449854490486388837e-08
6.030715607769785856e+04 1.090961861889419373e-06 1.640543079100553978e-07
6.031415607775445824e+04 1.521456367357497637e-06 1.187897965198134207e-07
6.032115607781105791e+04 2.866482468773880570e-06 1.128968376911628701e-07
6.032815607786765031e+04 1.956586632915615337e-06 7.384185800327418746e-08
6.033515607792424998e+04 1.735865353717461440e-06 7.975974046482630093e-08
6.034215607798084966e+04 1.164763475081166947e-06 8.725694018190841771e-08
6.034915607803744206e+04 1.259335562695818714e-06 1.023842992182836048e-07
6.035615607809403446e+04 1.337641287511490231e-06 1.017037488258361804e-07
6.036315607815064141e+04 1.602747359096348810e-06 9.132375590545361930e-08
6.037015607820723380e+04 1.146397430532257230e-06 6.709981119133782221e-08
6.037715607826382620e+04 1.112518305751841642e-06 7.370316185633230690e-08
6.038415607832042588e+04 1.304329135953190600e-06 7.222464288020740117e-08
6.039115607837702555e+04 1.042016548512764134e-06 1.270211284481910702e-07
6.039815607843361795e+04 1.389175987725959544e-06 8.460699669807155922e-08
6.040515607849021762e+04 1.664195843931987752e-06 1.172998079979329119e-07
6.040500080074073776e+04 1.739583367175924668e-06 1.039547903387924789e-07
6.041200080074073776e+04 1.192497914649672227e-06 1.041231757564503289e-07
6.041900080074073776e+04 1.322955736488794576e-06 9.578140125326035112e-08
6.042600080074073776e+04 1.397828864263363374e-06 8.514216297067326233e-08
6.044700080074073776e+04 7.337714518496610338e-07 8.177063529779716774e-08
6.045400080074073776e+04 1.118799309627833229e-06 8.286960279933638875e-08
6.046100080074073776e+04 1.362120479825947241e-06 1.028492019306583640e-07
6.046800080074073776e+04 1.418690605411452373e-06 1.024702534251076465e-07
6.047500080074073776e+04 2.049727756345837554e-06 1.833568560263477001e-07
6.048200080074073776e+04 1.085964490261740804e-06 9.897728632409240007e-08
6.048900080074073776e+04 7.336215868147402496e-07 8.216422848629903243e-08
6.049600080074073776e+04 8.615540990102580737e-07 6.170984460467142785e-08
6.050300080074073776e+04 6.613310284818540977e-07 6.434958871714355982e-08
6.051000080074073776e+04 6.473276874729055759e-07 8.292213164637435431e-08
6.051700080074073776e+04 5.490604338553392734e-07 8.676557392902120730e-08
6.052400080074073776e+04 3.630627210687998214e-07 6.072930821372178454e-08
6.053100080074073776e+04 4.132480898925399256e-07 4.947955940821711182e-08
6.053800080074073776e+04 5.361994954381197633e-07 5.070454332015318831e-08
6.054500080074073776e+04 4.261710249730447345e-07 4.955998504217559051e-08
6.055200080074073776e+04 3.181763508312740073e-07 5.160251998805472590e-08
6.055900080074073776e+04 4.232297924512777653e-07 6.798522073685161644e-08
6.056600080074073776e+04 4.795205854529275219e-07 8.361143666620317891e-08
6.057300080074073776e+04 2.841392067682043888e-07 5.244718937927016288e-08
6.058000080074073776e+04 1.863617767485521251e-07 5.088255764417360631e-08
6.058700080074073776e+04 3.904061984521477611e-07 5.115481688193191374e-08
6.059400080074073776e+04 3.053432531758348295e-07 9.182964887318310694e-08
6.060100080074073776e+04 5.403747083497822483e-07 1.658187275706660810e-07
6.060800080074073776e+04 3.202571435403865290e-07 5.435854457131969700e-08
6.061500080074073776e+04 4.932744863482360927e-07 8.073522323477258812e-08
6.062200080074073776e+04 2.964151078091979860e-07 7.917118814190791137e-08
6.062900080074073776e+04 3.417073898084295915e-07 6.741591107417547694e-08
6.063600080074073776e+04 4.994235593100461939e-07 1.066137776631955925e-07
6.064300080074073776e+04 1.842699981323002343e-07 8.242675401337708067e-08
6.065000080074073776e+04 1.671217302452320847e-07 7.208764142739316948e-08
6.065700080074073776e+04 2.551577794163591047e-07 5.197466460700207346e-08
6.066400080074073776e+04 4.570841138275048722e-07 1.038329555728542284e-07
6.067100080074073776e+04 2.276969977663510934e-07 7.505927572441499101e-08
6.067800080074073776e+04 3.607465282995998971e-07 7.557924540369800041e-08
6.068500080074073776e+04 2.680232216424957440e-07 5.821051144205772430e-08
6.069200080074073776e+04 2.636530103329429974e-07 4.034182132834733646e-08
6.069900080074073776e+04 2.799709205754054560e-07 4.355943125477332428e-08
6.070600080074073776e+04 3.249478396771028425e-07 5.437665737983960119e-08
6.071300080074073776e+04 1.506440268343102449e-07 4.902911254180548941e-08
6.072000080074073776e+04 2.226540194389626679e-07 5.520710821474196395e-08
6.072700080074073776e+04 1.422064853970103068e-07 5.044546939347208266e-08
6.073400080074073776e+04 2.021672294999532793e-07 3.996936673092738465e-08
6.074100080074073776e+04 2.144619462933076781e-07 4.835940883800006298e-08
6.074800080074073776e+04 2.608344530377957685e-07 4.603270823141047212e-08
6.075500080074073776e+04 2.412567841631176461e-07 6.630738986681114773e-08
6.076200080074073776e+04 1.193822992976551888e-07 3.687983017834990289e-08
6.076900080074073776e+04 3.220937369949640692e-07 6.871330591031895688e-08
6.077600080074073776e+04 1.144956609630298800e-07 6.079834863559858602e-08
6.078300080074073776e+04 9.533394657018774706e-08 5.183276468602545300e-08
6.079000080074073776e+04 1.170961936068435372e-07 4.884666086730610321e-08
6.081100080074073776e+04 1.613957353293823038e-07 7.100592025338967621e-08
6.081800080074073776e+04 1.774243912483439224e-07 5.688285757269596721e-08
6.082500080074073776e+04 2.698280301361832330e-07 7.427349575655206897e-08
6.083200080074073776e+04 2.180739668543423190e-07 7.326951508659568004e-08
6.084600080074073776e+04 9.949201072070221668e-08 3.524936327705077241e-08
